$ANSIBLE_VAULT;1.1;AES256
62343664636533313630656638353331373162663734313632666235366363646330653064636337
3662393136383135323461323266656632383237333530310a666138626462626634396536373863
66323964313165323234346465663232653630373834663734626438333265356639613439396136
6361316637333964380a653666333535313733323435653132333832373537646461663263363235
62373439633964333961346233353361626530663964633733626237393662363932613165316631
61656666663437363531396330616532386436623262313562623636366536336132666138623261
38393763313234643563636532633230346530303332653639636235373730333033303265336362
34313463613263653361643338383230313264316162613239373435323232616363636439663362
61383030356534636664346433616432303265323431363262636439373666623061316430643930
39616430313038653664353734646133326161653562353732396336363935353134663838646661
37356235376566363161333666383064356637373036643933336534336236626164346232326633
33323535306230666437396436323562313263666164656262306638333237666666363632393434
34613538643939383963643266373266623662633836663365303830613764636132663731373230
31653061616537653365313335366435373637356266306233323962346164363863303239393631
31643430356562646165353731323534643337353564666539336264336530313138353931323265
64353664316231346165316633323032626566323835396232663063643864336139656634373064
35663138346561366462336438633732346565333662323761653962353164616232643734386337
36623765316535633666316236353530336133636235653930383764316664373562663838626664
34653932346330303730643031376138626437656335323533313136313166303335386633353734
65663830663464333838386532306461336461323861643336636133633366306438303065653062
65313035346461333137633463383763343864623963356665306264663766666332323365313037
39313033646234663632663865626662653564393831633434623563313061346264336531333562
66306130386562343338656561343036623463643136346131323331633531313033643339616364
66373238613136353966316236303834653037666636393937656434303836653830623031663563
33333834306262633937326630343461383137383535376262363138326634396666656631323564
65666330646563613630303630353539356461646638396264303730306665376162353735326163
613739346361653263656465373261393761
