$ANSIBLE_VAULT;1.1;AES256
64646163366663613432636431313935636331646364306433666161623166623238393463653230
6434356239393261636132323831383065626233376364660a343637616538616432303133363066
30326135343539373465333938393235333533336434623661303361396465633465353330623862
6163386539373438330a346563336233646563346361333735643966356432396133626137393962
34386433336235383437343032643430383935636164383662313435393733393661393133393631
61643031623531363338336439366563396364313334616462666230306133393437653331306361
34383335666561323936333037663561303061393736353966643034636465333161313432616230
38313265323930356437333739613565306439303464666132363530643438653335313064373031
33323935376638616166386161636633616465393866333465376633626261366538363536666639
37633038663339396234366566373535303230326162326334376462616463383265336331646161
35313430333761336137343732303430333665313633316239323937303165613636363835336663
30356432396136373738316330346239613038376132623766376633346630373533343237633737
31303436363639303932373532316366653564356366383831373331613863636461356238323439
64306430366132363662353261363034333439303831666164383635303562663662383461313232
35353034316435396331343239656235666138616165333865633366343839313565333438643261
64656130316165653739666166373536306562373933303838623862623661313630613866636136
37353733323432336233636264643962336266306236376632326563313663353861623061646534
35626236626464303861303235616337393035346132643732323637663333383935336635633939
37383837313233373633376135636635623536653532356532643161643663303936613864623036
65356139633237353462633933366165346330646338663938393433623536356236613864633466
37633337306536306230663964323664343839343465346163393265633131653862326130383135
38313337343138386135316338333038313966636231326539643964633037356263666239393732
39623761656366393134666535643430393562336232333166626564333164323961363264356365
62656136336237623737313930323432323138623161383461366464633463366232343238613233
38616536313737643735303733373365626665366136376563623834653264636564356639663861
35636236396666396630373136616264646139656665636161336237313364613061383037623532
64633262663835633331323762303831646135356663376632616466643339626262383637643939
39383461346537663831346436646236663836336437653232643065316664356534623563343134
38313037326430336232323538343639356336376161333663643738326539306134636532376639
65373565366239396239383738313532346132373365386331623735376530663562636231306637
36663130616232376634636335376337393130336565656564366563353965383462633562326561
63363564393962623133326538303434663964663966306331346561303361333738636337643162
66303666623237303863316663356137336364353362616238346263613663343663323135333535
36313830323462653135396234326337393865666639663262626137363535656133643661666534
34343035633063313431663432343731323338326263333037356235323161363862656139646463
34626534393730306462616163356562333834306234333235626163333638383032643561393933
61646537626463326162396161396530323733323165653939363164386239663738393935343765
61323962353832356336333731333463643134303361313866656663373930346337333764323439
35383562376537646139383838666364313865623966356432386334323936643332656465333034
65336337333361326366353335333164626137616434346538626663393434636261356537333139
35643238393234383965666462313234303262643834643864626636633163366135613036646131
39313130643632343639623334316234396138626364356131313531316335623238623263623264
64646132666430313063636664646565386231336233363565323861346239313932313864636234
62386332366465666332346537653332316131323936343434626138616161346465353639356135
63613961653336323661316639623934356564333032366235636331383332326564336438323661
64356634343839613463336465663033636665333135626266333761623331393233376436646135
34386238326266623134316433393734306233653735396236316163613835316537373435633430
32363130636339666463653338633335386539376430636436316565623238373563323365663738
62356539343165353663343230343938373664326666616465353731363634343065343030626265
34373932303766383432663532643366623365656663653766633638393938333764626361303564
36383838376337356261323161326637363139646230386161336261613866306163646235303638
37353834316432646232303736623866383064336531613136323631613264656638326139633134
62313037653639646436303138623763383730343336623932316332633566366139353966623437
35346532663534326163383333373962613530613632316334643430373931376463643134303234
35303931643836383661623262303133396234656365326664633935343164623663383761623938
64323664633235363066333432306236353738323532396135643561613031313533376664333435
38656563326530363766353363626136393836643862656565303663363133663939646363303263
65303734623734343034623638613864393830333835333538373334396533376435306536383136
34303262653132393836626362306538323831396530343739353762356633323064383366323239
62306536393162613663363239353066646332626131326531653538356265623631323438363038
64366366373935666431333963333266353837346134343466623766393566393162626339636263
62306664393433303663646461336438346535303431306661613736613331656331623937623263
37376432333337643430336462383832316634623032333965393832636132363561383761633562
64343162316261666266303736383163343238613238343364356138353930656237643739306439
66643961633466613036316230353438343533353239643164633637373461653737633632323334
64363931633061316236366364323537336135303134396464353861336462336264646632666633
64353365666661316364396134373636373734613532303032363166636164313834633031653435
39336436393234396335306530653163393961323330343035633730313062353036353736363161
34363662653534333333343331386464373730663238626566336231636639343334636132376362
39396262316233313035326132353938643732313866613531353531343263353231356632363736
34383562633664613165646538316134333663363831626130666161623564383731343434343037
37393563313534653832346639343066663031353764383639346165656137393764313437373436
36646531393464303164613130303862643739663034313237343238383462323639633063623365
39366165333231343839306334646436323133363030303863386562356461313638306237623662
62323365356638383063633131643433653539613832316266383732333738363735656666643832
36613964356163373937623838393635323934646535636563353165666338373062363434333131
64666639643666623030663833303034333035303238616134646633653065333061333231323261
32323233626563393562303462346131353966393436616162633135653962346161663033313336
31663163653364613639666163303530626162333564326436626431396539613531323633323932
64623937323138613237666438663638666231653639616662623665336437303534303438643937
36616332646337373630663436336634366130663839346330656338646433646463376332643939
33326332326536333038663139363261333333376634373163613336613662386633656332333335
34346432376539393831333236666630333839336237316532653836616636613636663232643663
61333833646161323236633132346338643132643635326636663239646161643233353166306164
38346135616332366330356263643536613438386436613333646638333162373463373965363431
36366465363733373464363665313138383636616539623434343664646536396533353461346664
37656432316562633537386161343166633139633034353762333564303030643739633534666664
38346262656465633666613535646531633963363438333936333662303637613335623935346261
62363537336363333261326263303766666234393538633063666563326137396565353035646366
36313864656439356263303562396534643266626436306334343534353266663237356435323934
30343961633764393636303264623635353334656537376139323938323631653435663461353062
63386435663766346366393230323833613161323430333163353962373136353665316664333437
61343030356139303965663362626664316165313930393137643530626462636539343238383764
61663162306535333931613963623338323432376631663766616434303039326131373365306136
37626235343033666634373362613739636432376437306237323038326263623364323062343066
63653963383239643865326437633530636164653239393738623861306562346631623937383638
61353839333033613433376232666165646563303765383437363430343830643732613938353065
31623736646666306462386431306232393231306637626236376238303466396263363436663434
66393362613163643934396436623761353562376432626230393765656463303364303735386365
33396334633666303962663164653665313261383362623764383763323464626635333964313764
30653461623763663239326539616434313339363439306539653734313339633062373334323262
30613436653664323565646264323339343861346261303766313430303562356663616430613262
37616536666630383961383037323338373963333061343136363233323938613565336332616630
36383966373539346465396638383539396239666133633037666539313761643763623662393536
33363138313336663437663566353561383966333237613863353765616163373366666564363264
31663638346338616433303834363463333633626465313135623639333137666433333361333838
34303736313232313466363166623036313837643931373839333064643832306237633638636238
31343139346136356562363564373861323036383230386539356464323037383663666433356339
34353331393832323930363337373431633461376261353965313866356661653865623361343337
36393138396538336537306234376531663132353766383532643934396130383363336562316637
31643634616336356465376239636662346530383565376535366237336265663762343137626532
62383633373731333337663932616532373463383861333662656338343937666538373965383934
30633364373538363862373662343133663261363961656666623639643761396166656563393864
36613836633335313134636434663863643032366537376337306364353833643962353638363339
63306530326165343736383733626130656635646132623166656464376635316363363665383636
31643037336437313031326664383864613536373264623838386663613664613537396233343435
37373632656262393630626262376166653066653932613238353333656261323136373262373130
31303563653032366664313363316538323964353334646432303734313161313731383364323134
35653336383434306135636237303939386131353639323065323861373138656539343339656365
31346330633662653663653030336438643036613333613131646332393330303637653835326539
32316164666335653463366137623162316239626332363637646362346339303663343938306265
37653933613935356261633665306435386333623639613537333538316165393534616537356331
33386533323066393838623036313364313432663566363032666266383966643336353361326534
63666466663563666330636363666431353866316161643836643732393036653930383664376636
37303536393938643234303932646264386666363330396439316533396361326462326233366337
61616438646332663830313039333934666133376363376234393637623934636337386534323065
36643938653235613862646337353932666532343161356430306439656562313338343461353834
63666366623239616339623738306163653763356539353364363035323838653034373032333437
35306231333838633935646133366262613063616266373831653030616232646438323161656239
34323162643161633431373737373965346665313466303238623830376433616462346630633665
38633161633239636465373439623662313533656235636165663762383138343462663736626531
66306339623563336665626135623132616630303238393735373262636433326631306564366538
64646439373030366635366561316538373937306161623066643761323163623465623232613566
38616563393361336331323631636136613331393336653136306332313063366330373162386539
62396233653462613730666439383830636533663337306237333565353037353664666261643962
37616130333430383566306665323236373763393763363436666632383332636236323532353936
64366334623538306230666233353932353433353638643065616461643863396465653265393236
33376438306632386137373931373235303163346334373561626561346265376464383835643236
38356561306534633934326432646131326664376435643830303733373838616237643639326635
64306665303836356432353264323963613436313663383835323131616265373130626237303130
37303532316563653030333833393963323833386266363439323531623139343763393133646263
65646339356163366666616662376231313565326635373966306162643465656130636366333831
33363161303033623537366364393565666539383735613834613430646334383565636162616633
61393037303766393735666432343065623537633564653665383538303761636438373466333039
34303131303738383161656639336331346236313330616165343336646636383933343062336362
39303031646632633061323639343664373834613962393239346164656235643933313638626262
37343061613166656131346563616566306631396637373266396138366564393663343337623436
35356337386663333831366230343637363536326231363335333737353637656632626238663662
38623833653734393964626230623065613566303733346333366664363735343239346438663035
36633136613564646638383365653332373431346536383932656565656433383330633935396632
38336132353238373239396661373066303336343836343933303664643634316663353161616133
61616162393130613937376236356665313363633965646136393065383536613331323731663461
66613830326231393336636432636139366666336465633763366361636431623864356630643766
63323333663537626633313866363866386639333932616362376663383934373136653764363333
65623033623262326462386166326164626464353361383365663430306263623835613565393137
62646161373963323236396133653039393633363737653735346262643361373238653033656230
61353764393036386333653939393731383638656461396136653234356431303031666539353632
66323565363463363137623365633732646336313534656531623331343332306161626462393531
35643363303763333463623735663665653564666665373734343835636563373766643262363438
30353063626239303463303231653032316538373932656634326666633361626364376134373965
34396232376136363339313833616439613262343665643932616639346163333561383936303735
39633530613462343234343936333830616661346662656661643439383039373233316235303338
63316630373333663661613763666332316333396436623632316138663066323336633062633735
36333231643331396363356132326232363637663163613138613562353765376233646439393430
64653966353066383734333238373463623430313162303434386533653666393435343166623733
33356537353939626162653363363131646238313538313032633039653738393830643361346565
66323931366432633131646130333964343465653635336162376431303837306361353762343238
63363662373837343933353338373961646466363265386230333139376665306166376263613732
33386539386335326465376630316137303562396564306132326235386330633961373135366561
33383230303464623734393739336564643865376464366336376164653836356462613937333763
36656135383965353135386564643666373432653934383739646631623136373734656130383064
37633538366265353138613439336434343739376338333532353561376561323762643162366164
32623066366639323736646538306235643034623230376666616662376563333766
