$ANSIBLE_VAULT;1.1;AES256
35303434633763383562336462396135663531623361636262366236633836343137613233373138
6263393232303062346362303362653934363963643934300a636465396232366631303736326164
62393732323930616238363162363466623665376235623566333237636461646635616136646231
3730313264653230610a343834376365326563633566633636653830643461303435313336616132
61353433613365306234636435333632613036656537383337346362376664616561656432376639
66326566363433386362633833616233376538656533386333343639363033646631636361356466
39373833303136623162316632653530323133643064623062356537323065353964626131373164
61623465333233616461623437386238306465626563396333623063333434663733363837326133
66393164386163353361626566373431333430373663343034303862323631666538346339643632
35643565623237303833353732323138396162623665666365313263303131666539666132636266
39633063336466373439633265376164396532383963386164643865306430663237653039343131
36376237313263306531346337653635386232323731323461396237343834383637343030346331
61373564303338666339643339306363643339326337613364353064383462363062653563343731
61356364383664343331393837303564656261613130376131363033383735623865393735333838
32323965333561366131376533616564636138313762306565386430656339643239336137636335
35383362633861363531323361646133613630353139646364636135373433636665323464383437
62626563376666636636333462396138336166646363613765663238336462326231386237383465
38323264326166623936313736386134316166386635643031333461333831616531323837363963
30616661653537323163616334323531626637616637353464373334323833353964353862376432
37623633613063633038396238643830353039613437306136633338373938613365626562666534
65363664323339303166623139643035363561303163373832333566373938653564323333626438
61376565393863373361616564373365646363643939323136623136656233393062333437613363
33393337326431626636626563396561623835383036623531626266613432643534653934376539
31373565326135343264336233393237326262633761313763303261623638353831366533616634
33356362666234663838306634363138383466396163376663656535393064353965653965376366
39636536393734666533386337373761386636393830316164306332623231323039336233633462
64633761343762333931333963373339643433303863653966313539356536666638313532346162
35663836386563656531323364663138323330353434323363336333326433383234366362363038
38353938393335373836626538316135383633373266323461643130363862396162333637376662
62643537363938343362643937356466663161343637373663653264613662393265306337323964
37323566343339303465366537663535323736626663663966323165656336386233656138643462
32393434633533393762363164666632316635313130653561303866303438326434643135363266
61323362636139303436623362653162383635616536646135333131383238303764373165356633
33636366623532393663383333633062343637663733343738376166653663313466366637306635
64343862323361633038653835393630346563363732616438643966666330666131323532396231
31633361653663633330343664376163363736343735666238666161376562626235336261316466
35336437383730383632323336343139373162386666366136326537333439373563666264636137
36373839653633313736306136343765353863323130383533373033663062393163363039646634
36336535646530653266373532383361646562646261303962396462616666626530623530306531
39366563346666356264343563656566353234383139316263313138643330663930633836663166
35646533303462313334333132313739663336656661643963396164613936323334
