$ANSIBLE_VAULT;1.1;AES256
61353631353838326432633033313438336265343561376561636132666536333061313634663762
3266656332353132373439393161653663633536666665310a393462306562656634376163666638
30326663643065306433303566623433323738646434363836393365396339633464643666663232
3334393538626437310a303434326362353130366438333665393264316361636434323263636339
34363434346238653764313430653638386630303634646237326164633437666230303865303437
63623536646261666632333565633365333163386163363331393634363262303865636435326631
64616631646162363138623065636232373265616465383033626265346664353831663330383834
63643762333463356431393465616535636533363736386232653365636665656434633065346531
38306338623539383261313837646162303636653238383830336464643235313636353166643064
33333337343038393137343838343137323663306131636362356638643034393734616639646637
65393835643065323439663930643330326462326538653761343362306532373631383861303864
35383939373865393035346338613232663162366335646537633935653463353062316164356534
35666632303731336661316662636233663331326133353766323364343039366564643836383838
66353238643761393937643461386432353030633061343435353363376536333038306639393634
62393963373133666430353031306334363430366338336436653630353766393566613535353661
66366563386131663733323566616561653237316536623939303430373861643630666336623631
61643339386538353239383866656639646238623838633834323430303366623130323035323763
35613861633466633437336632636334396438333735366135323238393561346233616161393262
35646330643237656432303134643732323161393634656135396531343463623766653161333265
66626139616234313238303765346565313335373330386331306339623234396538376239316663
65343366623834383362646234336636663930373931306332396663633664383636303931336463
36366366343038373266366432383539623135373137636538353734333635333535313931663530
64333166666661383136303036383965396463336237306364303235333031326333663665353430
62353830653832336234636334313934353232396263386666323766633565653261386562636639
38653164393230313031636531303130386163623432656366396663343338656137393266393861
39323837653134616239393238663262643938323735623364316638616636316464356164313035
66336561613338323137323637343663306664323361626533383162666439396539613333656239
39376461303137326565663031636431383130303434323834333939643531353239626462613966
63646164316533653238623836366565653730626436643866316230656531353761656261656161
64356563636462393534343966393436336561306337643061653365323030636335656131623062
31663862333063316434323731656465313663373861633331613334613839623436363232363964
64306130343831643534633833373666343164383538313937646662303061663962626462396232
30316638643538663939633234303932393936653262336532353134333531393030613866626532
61343635663136653264343132303737323636356232613532653130333136396238643832386431
39663130666530636264393834373237643366663766313863373234616135383034366232343437
31313936623065346436353132623330373436663137623662393935666239653331636539656566
38303538353033373962626563636338316530396263393431663761663564623236383432333862
31643230663963663036636364333839666533666431316434376435383835383064613538396336
37623334633236663864373233623138663864326563383839306330376537663766633435666463
39356261316435353961366163376631363763363538323738643539633738346666336139313334
31303966653932363263363938633530323235653764316465633662656532326634363864616665
31656262393234373136323662356466363630313038623962653563386238653132653261353965
62326436633735316139623765306361633565343365623339343837323930626339383862363439
33393336663336616466343530626535613138646137303536333461386436666236396164323837
37376462346530366331613135646661396431393162353664353734326435386266383737656430
32386364303636353965653038653131646532323934626533626135333062326532333838656633
33343735656538303636353663623930343230393133393130623161643630366338363165393335
37373632623930656231343939666165303737323261393435313834626335396565653236333937
66363765633734626533663436356633366464393333366338363230386166306265303330616437
39373663393062393831326239363863363839346436386261306138633637366138393038613137
34623065643831643566646338363561633135393765383036646236613561313536393433633636
30616530323962666230313162323264663234373264363532646530623632396264396435363962
37323261336433666364616236633161613461383931346661646665643230383537356431663231
34653463663032316165356161633030303533643538306330633631336263323636306330666166
39306331306461643139366436346437643464663132383235373561633638376162336162373535
30646334653435653733316138303630623665636336323035316563346565353063646466643364
62633032363733623039626663323661656234316565383636646661353937343062366132386137
30373266306265336661376332313663383534356664663965656235313562346131333034643530
36326130323965626331313662646237306363383864356431333966366636386266393065633966
62666331613561303735666537653730313963616237623361353138346537323165663638303964
62643266336265623736383239623431323165373130373330333935333635303362316133663532
62363362306136333531343539366439393063363535626366636664343835373366636534626437
66303739373531393431333066663831373162393934616365636534326532333036623430326339
32656264396466316466613636616361353931366265346666316133346263636436633066633862
38633166313561626361383731363132646431323330633931313463613939643339336132626536
36363764643435353034363064306133383731303534343765396434383563656439663766323633
66393865663862366337346565316661396330626437613035623564343463653562316538666330
35383139656537653735346161316337663732626334643737393836613938356335616539323761
33303837363765623861623830303864663632623636343464366439616130386565333530316638
62303334343937643832623763363661353034303861653533653166363637663130623039303137
34383938613532386665613338643761383061623265633061386531376431306631306439393266
34306164333435623365616561646238633733646361336162393665373837326363326137396339
63623565643337373065636135313632353664393666386362663863626231343536306438313664
62616535663233303333396462383034396638636262333232393065383439663538356165663962
30373863376561333530613234303362626531656465363631613264333939666161333063626436
30616263643731633537373136663838646465616261643561656432346332323763633334333732
32386633326337613863303934323439643630613763663836666538393664356365353861653730
36666239643630373539656565663261363066396335383632383335323631343334356139396163
65353436636263643861376235396565306639613935323664336364633733666432373563633862
30303734346365613761316266363137383335356561623339656234616135303166346136313339
31333738363030333839646533396261633935353238346235366331653338613765383935333730
39393465366132386239623236303766636462353032323338366138396238326166313565333463
63376262306230393530306535316665633837333262313233313437663439356566316231363935
35376235376237333130666461326636383065313930633830333663393466383761316663646630
39383661393165613564613835323932386635636336343265653235306335306261653464616339
63353435326461626462616430373030323337336466386632623931396366393664386534313530
62396664333139316564343137663633313330303862356234623936346564303138376639356664
62326264396331333366663737336234373831653137396663386465393832386536373438643262
63333765383839303238636361333434333436353238313366343335616163363236623863333230
62373965326233616630343638306564343037323864396138396166396161646463646432653931
30666330636261333339353832343465613864633366376434336530623166383963303536653838
33383736343965666662636336653065636563643231343433396264326631326430333961303763
31366330323735336331636563313138333234616235313032306535663463663430656133376262
32346539663964396139306664393563356263313661663836393463366333376361356332616238
62386338633031623264623837323565646338353433653534396336393834616335356538613732
30363532623231363538333262313239303466363165646638333736313336333066613533313336
38346337313136303438626333326332353135636663323838323061653163663432666334616535
30353931336564373066653233336432356330336535663464636133376262396531303062353333
39333139363437616235336133646664356265383638633035663566653765303437363464613033
62613465363339613931346331363564393638663130306336623236646332666365383738366234
65303432623761636466353339343832396262633331333634333037353237396330353837363630
38353031623831326239353263643231656437376635323635646436326165653836383532363638
35336461396663646434323164623737623865616363303865633162373237633861343763643934
37396234626636653930376662313164363162376534626464353964633863303764656364386465
64366639393633636430303733376533336334663137313665666636633334306462366261386239
38623561663763363063663464663731303765366438323038383563346232356662333535356334
30303930393139663365353663336365633164353230383139636134356431396535653631663133
36346635653839366531636236653138636539333738653063613661386232616130663663643330
38306333303961383462613433353637313834356638663234303663623637336366613439333932
33626536626461363664303533343161383533653861353031633731363635653263396165326263
39306335353730353537336564313434383132313764373265323433306166613131646366363565
66623163346331346536373265663566326238353631633538666463386235303130613365333533
36393135336636623262633832303039353434366131363964383366663865663562643738346539
64636234343530393735326561333633303435366332333933376435393761666464346662363431
33653331663832316161396439306561663162666233323761663364666265623330623436653432
66653265346234323530336466633264666539353261646339333265396633366362363037366430
34373761346161613430623836613833326338353033326561643364646666623931326136353530
64373162306637363461323737363866383135383463613136646432306136626434383565623938
65353234323535613364353138316531653130316137636632663866653632336565616237643364
39313635306661353039336264653438653031363437363938613062373161333836653662626139
30643138626366653433353531376565613232623161626635643531643039353064393831353836
65353335666262666265616337613234326336323563666330366263313937663238386131343332
61633037636464396365333865653039646662656366343836303734393134633638303230633034
32643135383565646333393137353138393732613365626438353064336362356664616661333232
63326533636538643536303937626565633634353237383465363762323832633037663039313339
31633964343265643037383636393236333461396536303266333161393131636539303063623064
63323861333438363464663734626630363162633435643465623232633866663834303135363030
37383333303866633836313538373364353765363466313463336363663233363361323134376465
64643730313532363736366461346463366335626234306439643333616363326332386235343064
36353731383032376366373766396335313730353534343730313431653131643233653638666434
31336632303936636332633364653539633834373838646365653335306161646238393630633364
63313338646339336363353339656663366239306263316236313430373263303463396564376638
61623966356263316630626336636462356565393834393335353462336239396561623331663562
38646365346339326338353135633866636132353839646535383831633036633361343034633337
37316664353433363036323766373965623538616563376133376466633631323263616364306439
39316239643135336538393262313639363131656331613238303436613834313364663465613831
33656361383837653636313461616137663166306164613632383435623032363964366231336436
34376233363161366161646239363665306438336663383865313631363164353066383235346336
31633239346339633066366130653631333434393265656563646631626134323135363336333565
66363531653864306263666561386433636165353633383332646566366665623536373239376464
31356161613337663631363030343763653936623363346630343937666430396233356561616634
38383030613231383765323832343735353332656331383262653031623062623131333539336535
38326239353137326263653266643836336163653031343734343561393031353065376365626132
39613962343761393238396334666636663032396239396635333761383061373435666231333231
62333538656330303837653461343536306237663866333837366636656437333036376633373162
38303164366431653439313363653166313037336236646235653431376633333561393832303737
35396565336461373362633861646133656634653334373361656532346266646364343665643161
36396431666662386634653666373162613534383166623833613365336338346330633734666436
61366230333739316433393032653563323938383463373561303238613831636638366436633436
38616364323533366132323762386563633761373263643161313538656663383565636439666337
35376366303430326139386462626638326130306632373836316462646439373535313439646635
36333734313939663165633132333064373366303235363938333534616464363065313263366235
38626438313361666230353962646163336636636362376164643238663630663062663838313462
62393832343337633962373937383735396233616435323062663864316664383663376163383062
30383065393632633632323063333165646331323937376362303039666366366432393064346231
65336435343732366138376664663830303232353630376232373862343964383531343036613631
31336466646164396334653035646233303766643834396237313431306366303739663334653462
65396537613932666261396364316539336238666365363861643337643965383239376533303631
31653531323337643238353266303930626537656464303837306434626132316438653137343132
36626631643739366631383337333535313939366439323636366461373865656666643362666536
30323562373339346530316539333464326666663061323962323735373561653437316566303464
36343434323630666239353539343732396537383437326561383039656538313665333061633731
33316431383365333231616334623663656234623534303631666638343231323766363434656330
39623834623330646532623230623836613762306562633062353931336435383636323435383430
33316162613531383831643430656335393263666132386136313264343261313962653631636133
30646337346632363933346636636564613064646232383735646162656430633761643461303436
33333466336162626662376231633335636534383431356364376364616438633366343034316162
33613233303461626561363936373832393937656361366436353038643134353264303163643434
33646364666431333561616633646134363435303139353036626266326237633335363738366632
63343565383439633861376135313866373264626430393266353166383763353465663464653765
38623436363138613330336230346131363236656263633263646439393239343533653666393537
64656130613531376262
