$ANSIBLE_VAULT;1.1;AES256
61393638343565313232383762326637373934653832363335666561663632623834326230653639
6436633365373030346561396464616161353432323161330a323337386434633235303133343234
30306438303434653133616634373239653930646162613832383435623336306130383865636663
6132653031356164640a323461643631626366356139326336383938636639613937613433653636
33363438313365316432636633326430386336326363626162326635633933383737343866333133
32326335656565306133633061363466643063373263336639656662333134653339306531346162
63623637363965383833396530333562363134646134343562313131663937383436316462306166
64386364623761663836363834313063336532613730333464303061656136373234303537633666
65633435343933636337386163373636353831633038363536643561653738323336303439616630
33663663393936613136356635623530386630376330396632336164376334643563393438353235
62313332346237393530653863363263623665316632383266626438646666643731626361376133
35663363626537613335376638356363346239666230383632316635646133303738366133616335
64326665666136643637396665343264633463656139646430616237383866373534303736613464
35633362623965633563656665383139373836633932636365636261313835343933613239336139
63316561623763316666626434326430343163636138363739376134386132353964373938353533
34356434616633376536316436633135376435356139393265643936633932373732626264653263
66656338613461336665333431613331346535333963393161663763653236393437336563643231
63366461396235616661396462623034616562646564323864396138646139373833313834366630
36653762613937383938656230346266346364633734313430323132353062333439356464346638
33373162333564383338303432643731343633306232646231323835633638396162663163633662
34646264323064303631363633656537613462316363646331313633343633376637626535623637
66653431653265626361336166386231653436643634373965666430326438323331636433303366
39653239323631386637636364646636353561653737363364396638613361336338336262323962
31303538373462393039383162613861393262636134663531313264666361343665386231653337
63373765623565653666373261623864626664373562346165646438303164333133323336663336
36646663356230383039343539646132646438616530326365613430303364333231663566616266
36633665306666643734326363316261306336616266636635343634333938386337356261626638
34653833313632643062343139323866303134633264356139623864313363343461643935363732
65643661393233326135663231363537346265663130653366336230663166623133656430333339
61373934376633386462636663336434613134363436333634666239353537353431343665666332
38633461376638616637653363613437353731663036343865303765643037343662316537633234
36316162336130373632343634363166323331353564666561316164303862386264623963336162
32303733353135633434383133336435353837343536663964636339363463306537366431363561
34383065333566336233616536666533363464356663643231323662373161666233393535656639
36336166353639383736376638326166646332643230393339613162343231346335616639393335
64653136343739393263643434643065393835656137333764303466353933346134386132333362
34393232333932613231396531393731343066643661386261336366623362393961396264656432
35363831636233316561663364643463363937643134343637393061663834396665643632643735
31633866396436356164666661626534346666363366346165623537633230646531376162633634
66643563626165626632393363363761616564653438626566656231616363633035383839393263
6536
