$ANSIBLE_VAULT;1.1;AES256
61363761616437383430306562663466393535663537636263373731646532326362353463663362
3134393932643663313439646439366432636436383865380a613337366166396265373436303336
36313032396666313435656134306461643530313132623162653164306461313163373561306566
6161336637306437380a656363336338346163356261353562346364623261353166613538303037
63306333343732376533343564353264373763363138373239303665316365616439316363373937
35663634386230313566303439666264663261636234353964356130333837353332336364346438
64663366336139333138646131346532313561326436336362323833333638636135353463373866
32653262356565653434383735313130653631316532393163613364323562326330396166336332
33383630656434386463363666643739323661623961336539333034666635643565656566333832
32316364353831336566633163363562616236366538396533396133343636383630646538663238
37653334636334343765393463383962626635633237633438366137383639303062393435653534
30633564383861386466613534646235333532366437306465653965613838346230616233346565
33613161653735643030663761623630353134323666333439323938393030343738663339623039
33353938366637366465303031636361666365333833633964346439663137343864343962383764
63323238653763343737623966346462323363306637623862386432326435323364353034333264
63313464366239393534386362396634393664326662323330626537623337343335663962626436
64633234306135653432613631373639373538346261623665323538333964613161633064336636
33653534663332336338373966363735333239333935346261616361353462336436346630633830
37323362313330366139333137306564656561636132386162653261383637613863316233393830
62393566333239613332373139623438626538646431333961643838346639653033646666333532
36313135376536663533313632333835306330616632376534316334393066646465363366646161
32653839373438643138613161656564623763646237653932303162613366316663346637656262
39653837626233313435353837353831393734646162316630303034616438613536343563383230
61373666303037313231636161306535313137663536306532356365323534656662643562353432
6234
