$ANSIBLE_VAULT;1.1;AES256
65663366626161313132303165386363373065653861303439383563326535393864653035333531
3161353165393835306633626134323064303435613539620a326266613337383233383938316563
34333565343965396134326231346338353063393163333137623430366436353436643531333861
6462626433393361650a363735323639613063373337326463353932323630613635326639383763
62393164353966383163366538373339313563353432303565336633303035653531303862393062
30353835356464323561636132663132383831336338313636643431373137353531643366643263
36343065666239663735313734353638316665343435353762386237613663616537623162396362
65616263363064633435353538306364613030613839643832343765363562353964313130623639
35656536333839383736383334313633326332666263303962363263316663386237386630323862
37336662326662363161373865363565396666366663663333316236356636383835306462656136
66323863653131336361626566373434633934326435626536306532643036383066336566663562
63376163313731356537633335653961643937343665626538656538613861643637653834336563
36626665393938326539633764666437373130663535633433653835323638633561363739336532
39353137333731646439383139633435363836356165346265646562653930363834636635613261
33303534313637623532613838386364363665623431653162363939343837343362643937633365
32626266353935653464383866333735353934613735356433333133653436366432336366323734
35616239313435366463353564396533353837313430326132633838653064656237306430663538
36653938376663656462303934363635343065323961316665373139623131386664343562663363
34373761346463623531643665373434613730656434356466346234316635353263356532623139
32373839313964353439363239653837346634663934353339363866376338666163656230386664
37653731333230653338613134653538376563666334616238376132396162616439643262633563
38656466326463393736663765393861633331373264333637626635393061343637353938366634
62373362613739343333643230643662316439653864336638653262656133366333373464303639
65626466363239383562
