$ANSIBLE_VAULT;1.1;AES256
31326531313532336230643834383633366661653637326634313638376632666638613033636461
3931336163346161303131623336376264643765306237310a623437353733313233343236623332
62303731376333336132366465353639303037386237633439623331366534386332353233636538
3365346130656137660a363335636535623862303766373335363063343130323438326464313130
34616164313237313232333163373633646236393838383738376262616635326362643961363530
32663137613239346432373731326431646434623633396639376431656238393430323531626663
32313766353231663635316665636538383761636334626461336334326437643432616665346135
39323639353330656666643937663965363334353739396235386337303366396532346632323636
64643838653932333633656561616161343066393937646365306535356636323365666132376238
31376362616464333238363931376235323331646437373630316239653433303364353737383239
31323832626664623138373834393533643763626630323836366262663534313062646462666431
31396462353137623965306438323638623834373331616330323434373964653465313939313937
62306562646235393732353739366531396461613737643762383533323365623964363166646130
66653162623631623466373137333039366334666236366135343962646363613764646531653934
34633934613234666538393366356166303337316130643362326663326165363633623439333061
33656664343832343931616435633236613465366537313737646137353034623139386336623733
61393930663766353731663332366365613238626530366339616235653862643563303664646337
36336536383235623938383862663662656261626236383261343439343632336538653866626338
37633464313836346433623462643265626161643665626530613338366337346461376236623463
62663730343333336232373632383533323635623362326434613135633334613738363635343534
37653938663835356532383034666264313635306139303264313861376336633336336339313135
34363334343566356634663035643335323133656663303665303262613036303137613833663831
39373964346466306662666265363539366439336664353433623661643638356231303838313938
66626539356164383237
