$ANSIBLE_VAULT;1.1;AES256
39393830386137323834653466666238323839643034653635653065366539613835396164313564
6264363861666630316437646333373839653034643337350a633339656635343932663639616631
35303664376163646339646364626562333831393635613966633234363965396165303431336133
6139306536326538320a333963643437383063616662373131633766363461363562366338373266
37303334363864383263623866303835386234616666656161643031323937353836366165306432
64303339383364643738643462646239636635313430336634376362616138386631623766336465
61333735373166343364326365353338363136346139663165326466333836663761626334626430
38376339313461353436366230336366373036366366633434323865333034376136653562393336
64643533353237666432316434333737333138663838633931383939306131393333336535643834
63616463633239613534646431313737623662343764323963356335343462656237303962326231
38656263396433653665356631336232623639663238663561636530353934393163653134646335
36353837346563396633366331306238663563663063653133636231366561386162313363333862
37366130646535613232326139363930653932393232666539343862646164616136656361386136
33323261623235343331636431613933376332643036373066366361313739316233623738656461
61306463356631376166316435353163626663316662323335366632623734333466363662643364
37333530393234323039393662373366343161363266356533313162626438393031376639616631
31313739393634373961336334623232303663643836616566316430636536613338613837663533
64623730653733383265343737333530373337623130366637396363653532383233343136363333
31363931356464323531366261303037393839393330373730383635383836616332623366633563
32356364643733663964356565343838313762343334323334353037663135356363316465343766
64346266363132363136636663326636643335333162663136316134313864363564396265333533
33396462383137323037363032653235613332326133303236643235616166353937393636666338
35323161356466653033306236353866363830323538653166326637343733343163313966393539
37396231616463356139306263623866666235313133383736316639323534363765646563373639
66643834376565323434643835303561383861636666346364623063393537633064393135343331
63336635656461336561636133653537323336653930613634633533393264363966656661313238
31623062396331626165333837653731616363313263613736326131316233653861333534376262
64393435336564393738636665306264386466643463363864303037396439383335383561363234
32663837326431376639616639376662613732633631336463333134656266316366653362326465
31313564343963636432666362373935343037376234633666393637633731613837313763613763
63663766323834633366633339356130666362336464343730353537333737386361366636303831
31393338323463666465333563623639633936323664656261373336373266393438366236353236
39333933333632613762656539333936613437656131316361343066373761666636306433343765
61376339353532346531656432383633383639396566313631376333623832353839656535646165
35313334613765383634383164633433653537636661323337373965346664633138313736316134
38346665363633356139393266303932653838353632383830376563656131663435343431616363
62643130336238396562373638373566393065646130653261383563663733356530383430356564
30376530363765616232363135393036636531646538663531623163353631333131633033633832
64393663333535323230316439303630363865393832303437366532343135303331613635306337
35343435393461353730306166386261316434303932343764373033353230613462373635383263
37353039366465373435353037313762643933626239313630333166383563303262303263366561
64336133323761313263333832393066653536613637383039386338363363636664643131613466
37653037353131316335333737613561616535646633323364386366646533623837626463323431
35313662646563333965303664333039383936393336346430376438653038353832373432303465
30366461333631356237626137643039333437393639623033363631623965363466353730373131
66353532316335306333383531383833356565343865656536613735363665326237663438383261
65623930376434373833626137636434383663326337633564323965306132613433366233626564
39336631373231313836653734613437383736643939666465353431396462333164353263303162
65343639316662353834373432306139326339613362303535663061383431353731363166643466
33353862373863633038396533303239643863346465383061616335303831326338323466383530
37386633386662323538616163636361616162343237626331646139393235306463643235393834
39616235633339383635373135666463323731653362366466343832646130323834386137656665
36653838626365366434636131646163346662366335666331316331643564613462336333633437
32633732613136336232643265306338303636633462306365353437616263346366623366653839
65343537346335626331653865613130663738656136306662356633623666393131653930643763
66653232346334393634386236613639346363653161653435303733376135313636333162343261
31306164303561363538323665373134656565656361303435666463643239326438383839303033
35616139313533383634633065633664323137333338643633386239393339633836613936303435
30656330396431316361373935363462346262623763633534623465396339323439333964663831
63383562653338346533373237663032613562656439333939306462346664643132366165663032
33653163623237623936303834366263396537646462333435396132343464316364303538306238
38643338373864623035623931393731353930663735346363306139616531656262313461306237
30376233333030613338623564353136663538636266653036303638346665663934623532343661
61343964343730353739303435373665666131343538313936636164313430336131643265396332
35353937653063356137303661663330316534313261353238323835336537346264363963306561
66343537663061346238363736383562356436356663613635633431663730363735323466636633
65373535663866643261656334313966656535653465316263323934306139323239333464346332
61396238393830343238613566663334616431323864653939376435623135316332366363356161
31643363626632623038383664626337313764323030353433393362613530333762353965633730
34313333393264633933353430346664616634653237616638383162373361643763333535373330
33313566666634613139303831346263666465366139383766313032666639323663336664613763
64383031333066316264356137616565653536363235643935333539353833326463353936373435
33643238393532366566643165643833353434636661346630653036343835376131356636376631
30313862356633316536643234303764323935343531393664303261623537646435646364323633
35323766386566333564656639343665376463316636316237393261313337323062666438623331
32373263623734326463643438396234393066613339373661346636346233356466353635393736
33623265303730613565303131393633383730303733383033623438636537396365613534646266
38303338353237366138636466336635333134663634616232633532313737363631323166613032
35386536353664363539623239646136356438353564396133616530323531373662353236653935
31393738313638613636636564323435653930306239613437653438643261666334373634643961
64366265663334363665643933356638396131333766316230353835613338363531366334666337
31383361353034353138636632626565633631343766393530323333633436383339383731653239
39623138316533633965376331616636373032646133656337646165316263323035386636333132
64363738663262643532666364373761306166346436356663383461376133323731636434366463
34366266306639643630343230386230623438306264616566626166386432393031386336666462
37333364626265336164386339363961323838316330333038336237633138623435656664613862
64326533386238636332376461613339653637323064363938353766646430383462666135633362
64383030353038663136
