$ANSIBLE_VAULT;1.1;AES256
66313237626236636665616461353937313564653734383538323239306361363238613234333862
3865383533363866653134366363313431616163383061630a626230336330653562363232663665
35613764343439663930333236303637623062333430656161306539323835353762346163316631
3532313865376166370a663165333135343962636430303133323465363335393762626639386435
66326235373539313931303561386164656639626335343330633565396333333239623738386336
62343963666131633466303031366439373462663635343063363864373034613463626133643062
61636163393836613466353763623465366331633532636564643563343730613963616635626137
38396164613161313931653964333539306230633831303866386237373632373735303337333836
64333965313565343938366337613265333736386138363035316138393131396264656562366630
64383262353734666236653665613861636161313665343432623766666234343931643933383463
34363865646230646436643837356164393634316131646637386236373239616362383937613534
33616263616232616534393432346331646564356665663563633833356461623731383263336361
33633364643462303237363064316135333665653433663831343639653234333261346465313135
63396433343163336331383436386431386634366631616231653065313062346463366235666662
64306466326164313236393632643762346231303263313533333931366136343330336165613830
36346537633263633333343935323034373234333865626535613036663533653234313139626165
66626232633961333263636630303664663162653430393936663330663934313463656564623363
37346263343138333639386635623665393931656134663061343333343132316438613432666665
65653239346339363562383863653664356433653236333961633738353264646666653665366539
31373638393965373933353030396536636266356362353963343963623833376438646236663161
37626665653731393330373735386365383432376161376432303066376535303735636135653263
31643565333462623966316564623138326161303237623765633262643435323961343732626533
37396661363666323732323135636336636666326537313130346261373965633064343334623864
64303265613331663335636461393461623533313063613534636438393134643962643264663034
34336639393736323036326633303830376335393838633539396437326433363231623965356331
62656362303239316366343537326465643663646234373935613634333235323062373033363533
64633032373534613464633732633861373731313064646132306239393131383563316238393738
63663637393336326138336264373031396461396661356366383435393562633662663664653866
30396131336231613237366132336163383039623865366439323035643035626135396162636234
31373336316665626534663737376563346562343366623465373164653861393235653730363439
63326232646337383265666136373362373565643466613931303538373964333835353933656435
62343265316436333736613938326664646135643931356266653230323831396237383931343133
62623837616164313730663563663739643662353639643263303430623033623262633133346464
39353464356239343565666362353265613361363036643237313261393138333832363834393764
34653438336335303966666437343137663935363037343731346232643737376133333138363838
37633331326366303935356338656137303536343931663238353464313536383765376636303931
66393865633835306134346438343030373630346139383163346264636634373132613637646635
32633261303435666636646665326437356630663437646137356331366361373437393031316365
61363964633433366331656262303665363232376165333537613535623737356330326164626537
65656361393639663035336631616539363134353639333565376464386439343464343435383931
38343038396435326533313061626462393961343830363533336338613338313061653363306238
33373835313737646234643033356332313032306535643636353965653830636264363337303034
36333563663233323136343833366362633861663065316137653661646430326338646663393034
38306562316434656532383031313737643065663262363765616232343666323735653236303439
36363761613835373965613238646532633163393930626662376137656463373364656136633132
39303332303031326334633534343430393561333464646165363164356439386533333261306333
33303730373330663765316262356264366431633865306666633666656335383165383632386337
62346266313538363439393933326161333364393736306636383233393931363638316363356235
66386333393233616331383934313832356663333136353564646666626563663039313134333864
38396436646431626239353434633930303963303035373531313332386130353561316463393933
63346335306261323931313831373734356535653531383663306666633431373137303834626632
62393133326139313235656464336666336661663562343137643437613262616561326434373734
66336265313933646534336333373931323537373737616134393261663439626266623632303930
37633538336539633335636434663361623565643162303332653933343165653234323466353639
33346237626363353335653962356434386130356336636566653338363032386566303933303533
37343737306465656665323435623137306665306663313634613732383061356361353738626565
66643435663861643361323536346639303865356635316661623864303139306230653061393861
62326335386337653337613064393965383837366262316665613162323038623839353766373561
36336131336538363463386361303239623733636530643733633235393365323063303536346162
66313336626133616631626639346134653866366330313939623034636233386331373534326533
37363466336330656563306464626332313937366530646230333238636562313433353265376261
32613134353137353737393534306235383637383533653634376638323130636531393164626664
38346566636232366234336563336334623938643732656339633963353366623565333039623762
32663962663238353237613563613261316461623839316634313965356131393030396537303834
34646432306264353038363039363562373361623630313733366535623034636266373861663661
3764643163383439666437623038356638643161326564663831
