$ANSIBLE_VAULT;1.1;AES256
38643538376435313264353665646164396639396563383564666661306437373662666436373433
3533303831376436653538376630363561373538316134390a393466663233393662666138663566
38323839363337613336316530623838613265376534656262383563326666333362396132356535
3035343939393765360a643937343434613164303537303363376238343733646461306339393562
31326637343837366162323663353366613161306232326563623436626330326665613630303266
34636365356466356430653635633061336233643633323764633463376433616531626137346635
64366634613363396563633565353061643166393732303232643062306532303535666633653536
35343564333232333461323831313630343963626439336138373436336331653561303762656335
66353936303339386335626662646331363866353035613836633533313839616365613437343434
61393561396564626134376266353262613562356636633161623763616262353738633833343461
61323232616539303535366636333362336666373939643334383538666366613061643838643435
33383735303830643334313163313064646130356538323034346633373735393731613833663230
32376561353866386431633237616538373830326265343163633036363637316336353463626335
66366563356361663131663034613630646239616338356635336532393835383134653138383166
30316430633136353739613962393935623962616131336239343465383731383331643734626630
61626430643161373439333838623437363138393164623537373461353139343834623637636231
62376237613834643535326532616339616565613864396338366664633437646639356661323965
32373333336135353834313732333836636166663762323163373566396233346230316438656233
65656435326363383265396636346330633338376161643664666431303565316464353263373765
38303966666563336664373461613665333937346534396531336139613431376333353630643737
37333561653738623236366636646233333135376633623966363733376530626561303331633665
33623236393863353535313963396561623164373033323336646666313238633836663366306331
37663530303034343065393939316639323933646566623765323539343230366338323761306638
39303963313038663666393966336364313532663663336164663961633137353433656364616432
3566
