$ANSIBLE_VAULT;1.1;AES256
62356163343362313235653763653035666666373765643835356536316666616438613738316431
6632633362663031306332656531373032313632663433360a383530646461363234373861376236
65393237326264393935323434633034353262656662356639626337383363383736626565643339
3035393862313830610a353861303231356135393037616331306334323035643365663238303666
66616531383562616230636338343732646339663832333265326232326635373333666130363739
30613437393932383432303464636435303361343838633465353830303462366662303763663333
38303930636561326561346637333264323536636536326538343564373135396131373332626431
38306566346264633539386132626637623165653862313938363461376364313764623463366461
64326464366335666262636265623033383133643335306164323861653935353163323239373033
39313561656162623833353061313164613033386265616337616532353962353837393633626631
62613263636162376465343630373430383263353561316534366534336235623936373230313239
66386365353836393338363764343234333861313638666239633230313632376330333635393732
34613763383862326134636431343663623437326232386462633437383264636531366365626464
34316233356432336239656364396266616361653362393333323435656635393766643363666339
30386631353432656262633733376562363464633439396232626231393363343937313830353937
32616131383861356633633164303038386232326235303438383539636431636235333834306632
63316333316436303136643534323138626636373363356634376233643832643636303231663365
30613065353164646236633635336535656332366535373330383435346436616134356166333133
32616231346337613235346232376166346538393034393465323464393136323837316234376164
39323666643765343663363735353636346339313339396261333335356333343335363334326639
36336364343963326535663937336434616265356130386563356539666431353031313539366266
66653136306234313830386565653961663638353064636132383333383665656164613936623636
62353563333139336531326561313735623036346232333939613034633564626539396436643838
62663334383232626538636333663536306666623264333839653234633139656263366436386166
39633632383864383161326335313634313934373238666139396231663362663336626565376463
30626361613634383331653732376365633539656233363961396237353130626538633931303832
38376466393964616665663961623762653236336239323666313539313164633365393238646133
63663238396639346364373463613034363865363336633663363636393233626633326266383437
63653035303564333563336634336565323431363534336535656333393932383061623662666365
35353334353836613761373665646239363135353132623262666338303430623139353034383336
61643536346132386530343834666634343666646261323934613137663037666138343935376465
33636337346565356533376161666663613737396635363730346130613338636263633134343463
37643765313839373832353134373531343034666130623135653264363330613033383336656365
33343761653764636366386463613262626161323831333265366434386439323032626662396637
38666133643635303637343638323439656638623363633138623962383230356638663634313065
36323939633461353632363362346238306463643863626137323638656131323531613261666336
65363863323061663064663430663530646535643930396230383630316532383865386430343635
39383763333762393731663163366438666636333438613139326661663436646535326362613933
35656534666136373564356530316535376264393037626530346135396263353561656533383166
35373439623466636333626564373437386461663732633664333933643663643932386138656466
64343531613663363734316333626535663466383337383835393638663737333532323263656666
62303332643863623761626564383261623731663839356135363764346633396532343232626630
38366363326432376266626335613362623930353731636134336537373730626634366437393936
65616566613161613338396666633839616164623433303535633530336166336432306662383865
31356565303664636366613161356661653032633964333837366663303861393730653864333833
39646431616431663732323930623732346462303962353137623133343939363935643366646265
31346532303563386436656636376231336232333638316637636365656333313137346236383430
62666430393638356165343333666365623964303332333235356635623464636261376364646130
33333966666338613639633736626565323263666631636665653362323863653038396437626431
66383363613861386335636563353265633564313039643262663863663935356264333832303837
63656366616635633136303166636463656433336331383263643762386435313539623864643238
62343765313161326131316332626635393838373663636634323762393861373031373465363661
31393665636638386337626337336138323863333535323661386232646435656335613139653733
65343565383236396164313465666236386261353337656136653531616265303331333630323732
34643435313964646437396162353236393361313538643130393831643161326363373263623935
32633537316163393466323264353731623434656364643961353931663333393766656564373463
30316138326331393965653165653735393536303030393832393061376430323463383464396230
32616536363131343033323565313039353635383039363136663965383732376333396535616265
65656264326236353165363236623935616632303264303063363162306464333433343734363561
62383338343965376338363139613831313263653030616431393531326362336162366135663633
66313463336465643565343534376632613136626663386535353262643565653238666135353539
34663133383636626138643237663633313261396530613835646330383737636632313465303864
63623936643861326361643663326633393132626235396230306166316639373535303737646361
66373638346566376362616365396431396337643163613835623732656332346561373866633566
32363162613630353039353333666663316234366132303266643766613939653532326631366563
62393434613466326234376436383737396362613931316432613165346532663263333365636238
34323765616266383139366639306262326434643034353339663163636439353036663365386463
39663339373366323136616361346366363232653531336262623262646663343637336165323838
37326664346635303664626530646461333863373961343461373964636161656164643264656163
66383665633364356438663661343135663032303363326133323536306162313736646431363532
37373035613134393934636531636332633437333364633531663962613738613661336665353164
65333561323061353032633564393635636362303730623863663036393666326434376337626337
30613431613537353663613065343865356536323837393135656434343866623634623562303332
34333539643235396665366432373461333939626633306336663266333230313338396234393930
31323131623631353634653236643831613566366437303531353136343464316465656636363134
33326339313039366562316435306330613134343232636166656362393065653030393366643564
62396564666564313631653335663861373863363166323563333661306538653361353731613732
36653034613033303964663339616139646566383731363362626131323862303265613035316631
66393635633930386363663334313834393065356435633237303830663666646563303039343066
61626436343331313364646561623133313764326237656235373366613938333562663161643139
62633039333935643861646639366332643166313161363362353532636335613562343737376538
33333065346237363730353232663232353633393839333735356662373736363130643566383535
64643134383039376436353730356536353265303232646537356231623233333632313531313466
37306334663439663333396635333233323134656539376561656233636135363861323262336634
31626337336335353761333632323863393531343438356337346437386238323135663662393731
34363532623563343261333165616630643636653731396566643330656261353363383738633232
66613737363762313462316638613165396337303163623262313162653434373066386532323337
65393834613934343537643166323264313761666264353039326131323465643165386164346263
32636163616231343631316434386539633832353661653737313061656334393533333663616330
64353135356631333063636435616263626137393363386136393139363338353739656637623237
64623163383630373564636363363932613263623736643664386338306432653564653562666263
64323836363233346664393934626461383063353461323766316131326237613563336636366262
36306238313030333939653937396661366232383531316166353633333364613832643565363863
31316466333338336665346634346632653538666239383430323863303266313832643064353734
30343636316566646232383335383734376235666137653962636662633337666639383466396632
61636132333135336166346362303430616237646638343038653861373732623430343963663636
66316466353266396364633664313864376532656430656164663330396137326565383066393264
37333936656333636530653136386139333134643838386536356163333261633935363564323963
32626435633738343932346334303936393036613133386565383137306466643433363739616262
61343937353036396639303966363435396531646632316136323133303963366531613235313431
64323834313736303834326230353330363030323135633562343566323531383661633932366664
30333964333063613264613265353836316562343038306532633066396137373264366336613536
64353565616230623439343337333534353937383862376434303762373331373636396235353732
38643964643161666330353331316138306132643332666135646363313130646438663239346135
63626661363964396238653462343432363733633964626565376435656332393433653838333231
34396333663765613763393431333862343663383237316365353466396461636437363131326266
37323837373631633431613064353335343733376562613136636164623237653661353137373534
66623434626136323437636530666432313736616239346238663837343866303430373033326662
38306264323630326562393736323436373235663336306563333734333161323430383134303166
32346565303430653639376231326663653631326265653838636464376236376235363665316531
66373566623333383532623462393234326435366231386532306662643732336639613462393033
32663737376465663339656164326136346636323739373332336534343161303236653632623337
35663465663130363035333936366464333135313035373663356662353161306132666132363837
64353830363038353061383663656133623062653237616333393531363963663863303066646562
33336436343633343763323261613434336166313763346261333635323862313835373566363431
32623766383965336433353238356362646363343562316333626634636264393734646138663533
39356136386661396666326462353133313032646465653435393631326332303936343164303331
34626466333132356633366632356531353264313435626139386663623335656235313134393664
35396233646565316366393763353763353164383066326439323631656334623232336365663536
34346365633364363962373365626335346234363664326236336538326534363137623339626234
66633535383630613364323235663138343965626464653762643536393361346532323534623662
34343866663961376366633461366165616463326461663436643439346536356164363262396134
37343963643631353964393335613963356230356637316536323534343131313961613234653239
62616330613536393735383530303733613235303031386132613433386130356162376364393539
65623433376534313563636336643766626130393836643336303962316539666666353263623139
34663639323362353837623366643532306366646632643163373733336330383231376532323635
32666264363230346463613932373939353832643262386137316365356134346233356235376136
65333139383465396533333862346538663963323730636438316433653538623362613865333233
61386237316534363265336432356539393939383835363735656331336565656437333266636136
64366661326231666663363038326535373936656465353631643137643063646130303834613034
30663438316534633363373439303631303931653333613031613530336365383465303139623032
35396237623863386431306537303531646130663265346439656266343636333930616230346438
63376138383935396462356633356166383238633131383037326166356463633834386562373133
3865386630356134383766393035663837303133636265386464
