$ANSIBLE_VAULT;1.1;AES256
37613832363435643335316662363137383463316130366130383064613431643733323535373339
6238366664623561306465383237306133383334663662610a373430333838376161366334303231
65343662383866346339623936623262353864333437383564343962356663393234643934653331
6365396630646266650a633736663737663235363138376339613438303030356538383831336437
37343664326637346163636262386637343831653735363861656464383331663230623939366463
66343366393662653134316666613463636139373133386364373762623533313461373266653430
66306166303034393836653933313164643732386333613038653638356636333262396633663265
38656335623030366465376231623031643161636430643664616161316431306564636134363465
66623264303063346461363361653465613438313532363135636535303464343663663838333139
33313939323332623864363531653831333866336534653361346466373131376637653839663534
37626461353961333135646632363434396162626261303637633239346263663264343335323632
30626464383430386630663561346232393035326334363939363463653339623161386561636561
38373266333832663533366137363934633438393239373335363261386562313663323531613930
36316639386232306664383462336238636463653264326430353833386364313461353134363032
34663966653234376535303332646564383532643433393764663734626663636639303366383638
64383365313431363965366562313263613038373033666565353836356430343334373464396635
30356265646230663333393965393664386635623535333265373763373262383531353431343861
35313836356535343837366238363764663538386264666636666665313836343537356361313333
35303535323634663537383663613735643138613363363431643732663732613937313831633362
65316631623033643766643461656533643630353037653638626466623661643865376665303338
38353833386662666466656133636432353830356465383330636535303835326161633534616534
62346361363465633735373861653038323438336130623563373466656163613532636335653837
38343037316333363462336562313664613633333364613437616438663931613538333963613733
65663632626538363937313939636532656266323964353563626666346332643437323234336264
65623237333037383633363333323965393165646130613431623639646539323561316333366431
31346633316563306561613362383361393737666233633063343562316232626664326534643634
32313163323661323634343937646661333266316261313033333439613866633031356539393739
36373666616430626336613263616135326365373337343336396263353936626135643966343064
34643862646436626630663038623566383864373532653637363234333239623933613866313034
61346537373366613061663838393764323464363262323062656232346135623334373439306163
35616531336237623163383835623638623232663866376461356333373762396266383934333661
65323330393535336339666565323138383033323362343433383134356361653037393265633830
3632
