$ANSIBLE_VAULT;1.1;AES256
63353531316331653262653837313035653764636332336635383161643164666130383931646535
6234326166353162316664303833313433666335383436610a333263323235633534343736656261
37316366383264656631326164363436346435663966383932336233316439393362313264643666
3734316335313936370a653064363137343461323261663639353038333436386464353036363733
30306666643832343438393235316331383336383264626131666239623766653261663139663161
36393234393963333566316139363234313237376133303433393766646331363933303230616564
63306466376437336236363737346131393135383562316464333335643263633265313930306635
31623635626161383035626134626364653134613938383035646665336265616264643933313837
32653533643430323636393666326634336331376531616233373539346537316662626531653830
65376133393065616464613963333665653737333039653766306433616632336464306135613738
63353636343334376630306361376536366437636165646461333066326463353233343135303335
63646161316566396164666564366536663233396633346536373166653164373237363138396662
30636137643563343130313738616665353835386532616666656435623732636164383164636332
61346134346362353832646633313932323666653635396334383764313230393731643131316136
31323165363738363232616461383739333634613236323131333234656336643733383734343833
65353733343435333238666437613039363931383065343562366132633361306438643635336162
32656637353837373061343963306131646166343431383964616536316531626231376436616532
35663033633665386633613564636131303962313535373164313663333766383637383964346336
39303361646635643762316230373965353134313164666335333535663530356130613761393337
64663235663834636463333639353534616133643631666438333233653239353438623536303535
64326337336639623063636239626166306264323635353661303963323734346465646163623363
36366639313436626462363762613332376138393137653932396661636134383437616239663433
61366336316136323831326534633164353066663666366139336634396532373865336234333039
31623134633462353830
