$ANSIBLE_VAULT;1.1;AES256
30366235383666363238316136656635636166633130303934343862653131636166346430333866
3765373066643132623133666632313464373331323431300a303333323766363462373338386565
66386466613039613133656238343234333739363432333239313639323234353461633630376265
3962346662356565350a613132653836643532336466643365383063653165386332323837613836
65303632656365623830386332646537373039653766393530316238306131363033343537323138
30353865636662353737646231626131646331386330306431313034636331386361633134363461
62646433356233316435396666633239366664393039386163353339313466346534366265373637
63646534333536333934336530656262656635343266303135656262323739663461383234313037
37643562353063353265333462643832386266653738626233626666663934396365326338393339
38376661633162326163353864616630623630303034373861333537633866316130656635333862
34336435356437643533363338353662323163643162356338366436396235366638643439643964
36613835613963363636323961343664333934356134366630383762616164303462363032373764
37303535376162373166616538363264376333343735393366373065613933336130646638353462
65346337633737373462623934356338366637666638323864383536626134343465383965316634
64313132643735643662343738336234636130613234373834343531376461393834356130303037
38306436303638306565383530623634376337353464643539316439636561353135653962383966
30323961653661333431633936346536366331386562363136366638343361633035633431663962
66366632323033626361353761343532653933383731373438653037636431373639383936333465
63303162336637373438323035303761616266303133353839353531366134396462626239336230
32643037336666316562313366653735626434633135636237373163366333323831363235363464
66653937646332383834363562343735313366386438663638306331343930623330363834663634
33336135663335363365313437623339396539656138643863323836323537366238353938336138
31386636623339313762343062633630366534643062343832613033663334343732656637353933
62353439623730663033
